# Created by Octave 4.0.3, Mon Feb 13 02:29:55 2017 IST <saiyash@Yashs-MacBook-Pro-3.local>
# name: C
# type: matrix
# rows: 100
# columns: 1
 0.9706455167198285
 0.4167335749663295
 0.8989241935297219
 0.002167802079449821
 0.5933033327900576
 0.2467062235921503
 0.4297427189723859
 0.9750891454232029
 0.2061937576255995
 0.7888466913545095
 0.435620635786781
 0.3001443778096141
 0.2619493401032373
 0.5729707428738685
 0.7872821599832009
 0.7535762506354575
 0.3185889623258484
 0.5065720963609662
 0.1208881992134356
 0.2119313672089437
 0.7654702091512696
 0.09491163304318621
 0.08062764934993642
 0.9063079530436805
 0.06861366090006819
 0.2745029437128769
 0.533926507864273
 0.233705915857629
 0.4460420666839451
 0.3828220474938431
 0.5472764645412557
 0.06168946107623179
 0.2601822181020955
 0.3986243646989706
 0.9656016504685996
 0.4723197390529617
 0.6370644650532631
 0.4662937483693859
 0.1313377642454694
 0.2201232264897807
 0.6842007762494257
 0.4489229103244141
 0.4241681614571964
 0.9697838514505157
 0.4954252449027972
 0.8756643542857052
 0.8758477094906481
 0.7888424242402579
 0.8642592703829693
 0.08348307051444763
 0.7053028606215277
 0.07250017827126769
 0.9469025577326928
 0.2557267570544327
 0.250107451375226
 0.5528972141831614
 0.2105919412564423
 0.9683739716158557
 0.1872672121320126
 0.8939823864308578
 0.4852958601885815
 0.760227242030639
 0.7017491184201614
 0.5048485646869102
 0.3918964844213189
 0.05645767721137156
 0.3110995622026674
 0.8795834763266451
 0.285163867799733
 0.5794629380082144
 0.5237730507305199
 0.1553637350988301
 0.9976598797639543
 0.776078706487232
 0.8424807496909452
 0.7097485602796202
 0.2118914984281233
 0.1965351455519713
 0.6700167863607064
 0.2523979075733188
 0.7616272985884572
 0.650344281701122
 0.6718475898359472
 0.4491174171606245
 0.5204839691786746
 0.7663018673930946
 0.4267980834210068
 0.303095238492482
 0.8809689452777493
 0.508095253593923
 0.8784903658404156
 0.350205633743831
 0.3362359576838416
 0.4621568808733088
 0.3808808362934631
 0.8979712111548601
 0.1085649899027196
 0.672251722690829
 0.4800872395105972
 0.454783853845478


